{
	"totalFeaturesSize": 101376,
	"finalStepEval": "[0]\tdTrain-logloss:0.660313\tdVal-logloss:0.676126",
	"metricsReportDTOTrain": {
		"auc": 0.6625511528037408,
		"logLoss": 0.6603123162645674,
		"confusionMatrix": {
			"tp": 8705,
			"tn": 50318,
			"fp": 3028,
			"fn": 36325
		},
		"accuracy": 0.5999735707896234,
		"precision": 0.7419244864910935,
		"recall": 0.19331556739951145,
		"f1": 0.30671388052076176,
		"supportZero": 53346,
		"supportOne": 45030
	},
	"metricsReportDTOValidate": {
		"auc": 0.5794112240981312,
		"logLoss": 0.6761263587757167,
		"confusionMatrix": {
			"tp": 180,
			"tn": 1527,
			"fp": 147,
			"fn": 1146
		},
		"accuracy": 0.569,
		"precision": 0.5504587155963303,
		"recall": 0.13574660633484162,
		"f1": 0.2177858439201452,
		"supportZero": 1674,
		"supportOne": 1326
	},
	"newModelIsSaved": true,
	"xgBoostParamsDTO": {
		"target": 2,
		"validationFeaturesSize": 3000,
		"round": 100,
		"earlyStoppingRound": 50,
		"eval_metric": "logloss",
		"seed": 42,
		"eta": 0.1,
		"max_depth": 5,
		"lambda": 0.1,
		"scale_pos_weight": 0.85
	}
}


{
	"target": 2,
	"trainTillDate": "2019-04-23-13-20-15",
	"totalFeaturesSize": 67284,
	"validTrainFeaturesSize": 101376,
	"validTestFeaturesSize": 10144
}
